102720264
10283902
112431151
118784585
12134482
122160123
125379829
1260004406
12815132
131167600
131256262
1327230120
133005292
13830522
14177923
142661549
14445094
146087611
14638581
1466005382
15276232
16631723
17866277
18047052
18248645
18275991
1855220132
201493641
204871085
239523012
239534277
239555898
24952459
268961765
27367005
2788203272
279112647
284533961
287350445
298182062
304457817
3048546569
31143885
31285449
3222731
3223771
323247028
324505319
326589401
34302005
36400985
37978929
40603936
43269244
453289274
51454933
51671888
537523383
54115409
55250737
5703422
58048133
58825137
59512515
60291914
62164975
627504083
63245463
63887448
64751347
71684838
73415281
7668952
77268837
77308998
86958006
87769317
90227660
90426711
93650544
938296908
95186804
97041071
97481525
98952456
